# Italian CAP codes (ISTAT-derived). Used independently (no city coherence by design).
35031
26834
23821
53021
09071
65020
20081
51024
85010
97011
71021
12021
75011
67020
02011
85011
84042
80011
95020
95021
95022
95025
95024
03040
87010
25010
61041
26020
46011
01021
87020
89832
63095
05021
86030
86080
70021
63075
93010
98070
15011
87041
03010
70010
95031
24060
45011
25030
37010
00021
80021
89030
29010
80051
07020
94011
51031
14041
10011
35021
89040
86081
25071
32021
00020
21010
20864
28010
92100
84043
60020
36020
20886
09070
94010
67041
87031
33041
83020
81010
13861
10060
82011
18030
23881
12010
38061
10070
27020
13021
32031
17021
03011
12051
64011
09090
20080
84044
00041
24061
13030
27040
37041
23010
43051
12050
22031
17031
15060
70011
71031
22032
88055
38041
10010
20847
87070
35020
42020
24021
22070
17011
17012
21041
14022
27010
91011
38060
39040
09091
15121
92010
73031
73011
84040
67030
25020
15021
48011
07041
24010
98020
98021
90021
75010
15010
13040
81011
90020
09080
32022
11010
05011
73040
00051
15047
24011
24030
24031
10040
36045
32016
10080
10091
22040
29031
22024
70022
17041
38092
83011
90010
15041
84045
36077
63824
87040
66040
36070
31030
12070
40046
13029
90030
87042
55011
38049
05020
81012
03041
24022
15050
84011
63857
87032
33020
88050
03021
88040
02012
38011
19031
05022
87071
82031
33021
80071
03012
64010
60121
38010
23014
10020
17051
13811
73032
33080
83040
76123
39010
07010
25070
21021
52031
37050
25040
84012
00061
35022
26021
23841
30020
89020
24051
11020
00022
14010
98030
02013
28841
71020
00042
28877
40011
11100
61042
82021
62021
82030
39057
62010
63083
23031
18035
71011
87051
04011
84020
18020
33051
83041
03031
92021
14020
33090
09092
13031
09031
03032
24040
60011
66044
58031
21051
38062
19021
37040
20020
20862
36057
09081
00040
23011
24020
89031
16011
52100
22010
40050
44011
88060
66010
83031
45012
00072
66030
81021
08031
28811
01010
20010
28011
18026
09040
03020
17032
73010
28899
28041
22060
82010
03033
35032
45031
63096
15061
05031
32030
36011
64031
00023
33022
33011
00031
11011
07021
08040
80022
36071
84046
53041
63100
71022
02020
36012
13032
46041
31011
20090
09032
06081
22033
14100
85020
84030
66041
03042
84010
64032
83042
05012
33040
08030
96011
84031
54011
28812
32041
16036
83021
83100
81031
74020
67051
33081
10051
85021
38063
96012
26010
14030
33082
24052
21022
21030
28861
80070
18010
07030
39036
37030
45021
52032
89060
90011
48012
89011
48031
27050
33050
12071
55022
50012
47021
86091
35023
83043
73020
45022
42011
25021
12031
46031
54021
01022
25072
83022
42031
18031
14011
12040
90041
17020
23811
13020
67052
85050
15031
07040
28871
35030
86011
80072
20021
21020
60010
36048
50031
50028
27041
35040
98051
43032
17057
37011
10052
67010
55051
16021
12032
70121
08042
24050
40052
85022
67021
20825
76121
22030
12060
84081
94012
09021
23890
23891
23816
05023
64030
38042
82020
20060
98060
33031
36061
01030
04010
15042
06083
41030
35041
84091
28831
21039
25081
38043
43041
28813
10092
12081
61026
62020
15070
27011
28832
85051
22021
23822
64020
47814
00030
12020
28043
84092
81041
32100
20882
87033
90031
63838
95032
87030
88824
87021
60030
14040
12041
82100
13871
40010
43042
07022
27021
15022
24121
45032
17028
12074
75012
20881
47032
33032
26821
20842
21050
21023
29021
06084
28851
06031
19020
95033
87050
89032
28061
21024
13041
23030
20853
42021
52011
57020
71032
13900
38050
56031
20082
70020
13841
08010
83044
90032
76011
67050
64033
87043
15012
70032
08021
22020
38071
22028
29022
87060
13022
38080
26811
16031
28842
17054
86021
10012
40121
62035
08011
01023
39100
36050
01020
66042
19011
44012
82013
86041
26040
83032
07043
07011
07012
02010
32040
33010
18012
43030
42022
10071
90042
26812
17052
47030
88021
17022
55023
38083
38013
38079
46036
61040
12011
25022
26851
50032
15032
28040
40021
43043
32026
38051
35046
13012
46034
46021
10013
28071
28021
18021
10031
28846
10050
29011
15013
35010
02021
13011
17045
23032
25042
08016
13872
08012
16041
09089
45033
37021
15062
80041
80042
23842
88070
25082
89033
89035
89034
25061
12012
25073
03022
71023
20813
35024
37051
15040
46012
12042
00062
84082
39030
89036
10032
36042
24041
26822
36040
39041
25043
37020
42041
25121
38020
27042
39042
20091
12080
89817
18025
24053
72100
28072
25060
20836
48013
65010
23883
03030
89822
98061
12030
27043
95034
39051
28833
20861
33070
10090
24037
22034
39031
14046
80031
13862
11022
14051
96010
66011
84021
52021
07051
40054
09010
51011
33030
23892
84032
53022
20875
09082
16012
12022
91012
20874
43011
65022
86010
37012
10053
21052
93011
56032
37060
14021
33042
09072
90012
88833
21031
42023
22071
21062
31031
61043
09121
67012
71010
81059
81013
17014
80023
32042
14042
07023
89050
28873
09011
95011
91013
56011
56012
25011
24054
23885
39052
40012
38022
37042
36030
38052
50041
73021
83045
13821
14031
23801
14052
95041
93100
90022
45030
24033
10014
25080
84080
26030
85030
82018
05032
81042
25012
80012
15030
55041
92020
20040
28814
13891
12072
60021
28062
62032
84059
81050
15020
36043
92022
16032
84022
30010
00063
58042
42012
87061
20857
42040
06042
13023
50013
73012
13812
57021
38031
64012
89052
16013
57034
39032
86100
92023
91021
86020
35011
04020
23021
63828
41011
86040
86042
16014
90043
55031
18033
95040
35012
80030
41031
67013
40032
12043
32020
00060
45034
38032
81030
45020
71024
13878
27031
14053
92024
01011
06033
28821
27044
46013
28822
76012
42026
59025
02014
02040
86092
61044
22063
22035
30021
29012
84047
90040
58011
56033
55012
67022
89818
67053
67014
98031
98071
25044
81020
57031
52010
20867
09012
67060
31012
86082
50050
57032
01012
01032
52033
28815
80073
38030
24042
81014
83010
14014
13864
37013
25031
34070
81043
12023
65023
71041
16042
63063
20841
24043
21032
09013
17043
13026
88062
80024
55030
23802
15026
13010
15051
88817
87062
10041
81032
90044
71030
96013
09014
10022
73041
59015
21040
20866
98072
21042
74021
72012
86083
29013
61021
25013
15071
41012
28064
42033
00032
86093
54033
36010
19012
12061
67061
61030
15015
35025
20061
66050
88822
86043
81022
15072
81033
66031
28060
66021
83034
26011
82027
28881
56040
15033
31032
40033
37052
26014
26852
40020
42013
87059
66012
26041
26831
46040
15052
80013
71033
26841
98032
03034
80032
80074
80025
17033
00010
13866
02030
73042
23831
33072
16030
23880
80020
06043
56035
56021
16015
26842
26853
10072
81100
42034
80050
54014
48032
53031
66043
27022
21011
80026
14032
02041
23020
23893
87011
20062
21012
15063
23817
14050
15016
03043
36022
27023
37043
57022
14054
20022
27045
25045
48014
38082
40034
46033
67023
58033
40022
40030
63082
67031
81040
52016
66032
00073
05013
46042
40023
38059
00024
40013
06044
14044
84083
29015
84049
52018
40024
86071
05014
46032
39020
17030
90013
90014
47861
60022
50051
04021
56022
41013
82022
52026
31033
26844
14033
29014
58034
84048
91014
80053
10081
70013
74011
21053
42014
18011
15073
26012
14013
13851
28053
64041
53011
27030
81016
14034
23884
38053
46014
71025
85040
45035
86031
42024
42035
14043
53019
26843
15017
37014
71034
02031
55032
56041
19033
41051
15053
82024
86090
60031
62022
62039
85031
07031
88834
92025
17034
67024
82037
26022
82023
91022
41014
40055
25014
52029
52043
26823
53023
40035
84090
06061
58043
46043
55033
95012
01024
66033
64034
21043
12053
63072
64035
23012
26866
63081
24063
73030
47011
98053
87012
95121
88100
65011
47841
92011
89041
84013
27051
13881
38033
30013
21044
30014
31034
33092
00033
38073
26824
20873
41032
10061
42025
52022
25046
24026
03023
57023
25051
90015
30022
72013
67043
71035
87053
15034
17015
64036
72020
13024
38034
88067
24069
17056
12044
44042
84051
22023
65012
82014
28875
03024
28065
84052
86012
67044
23016
80040
37053
45010
17023
18034
20816
29020
71042
87044
22072
64037
22012
23870
20063
60043
06041
82032
13882
20070
86072
20023
50052
27012
03044
13025
00052
48015
26832
33052
83012
81023
23861
10054
20811
28891
98033
47521
47042
18022
31040
89816
53040
87022
12073
11023
11024
12062
36072
53042
56034
97012
60033
88064
25032
85032
86097
16043
23022
10023
32010
23023
51013
66100
27013
30015
33083
33048
39043
12013
90033
18027
14025
53012
53043
10034
00043
92012
16044
80033
84053
13043
27024
31010
25050
90023
26042
62011
58044
20092
90045
89021
18017
10073
88813
88811
24034
17035
04012
72014
06010
06062
06012
65013
35013
02015
89022
21033
23862
38045
33043
01033
86094
62012
00053
47012
52041
58045
67054
38023
24023
14023
21034
44021
31013
26845
33033
13863
20815
11012
16016
36064
23823
02022
67040
06050
23886
53034
31014
43044
64042
00034
10093
57014
90016
86044
02042
86073
61036
63079
27061
09020
75021
37044
25033
24055
20093
43052
22041
44022
54015
38077
26833
33023
21025
97013
46010
22100
43053
63087
86070
81044
25062
30023
41033
20863
10055
98040
31015
48017
35026
38093
02043
84024
70014
73043
44034
70033
20011
45015
06073
33084
31016
33075
55025
16040
47853
73022
87064
60013
90034
85012
20032
34071
24017
27056
20872
39053
36073
26854
43021
26846
31041
42015
20856
62014
64013
73033
20094
88020
29016
23813
27014
32043
64040
52044
39033
87100
18023
23013
12054
13836
17017
63067
28801
45023
23845
24062
06021
13033
14055
12024
48033
88836
11013
23832
28852
36051
66014
26013
23894
23814
26100
13044
26835
56042
28012
40014
28865
74012
16010
31035
28862
64043
88051
88900
38027
88812
84050
20012
09073
21035
12100
14026
10082
66051
63064
60034
88022
13865
24035
39027
20095
82033
91015
88842
24044
25047
16022
09033
88041
17058
19013
89012
71026
12014
15056
06053
23824
13034
25015
20832
08032
87023
18013
12055
50062
38025
89833
87045
39034
12063
09041
30031
23843
22013
28845
09015
13893
22014
08022
46030
47013
40060
89862
38074
12025
28853
23015
36031
34011
82015
84025
25048
39044
23848
09067
50053
36052
94100
85033
22036
80056
91016
23805
62024
09051
09052
23825
03045
35042
09053
11014
15054
55021
42042
60044
01034
89823
05015
48018
33034
87013
21054
60015
88042
63837
41021
61032
64044
24045
02032
28073
24058
66015
85034
29023
34072
72015
16020
56043
92026
91023
10083
43035
84055
15023
32032
05034
03013
61033
63900
75013
44121
27032
14012
29024
02023
00065
38075
45036
98062
05016
43036
39050
50014
30032
45024
50063
89814
89841
54023
86074
89843
60024
41034
17024
22073
41042
29017
50121
50033
44027
84084
03014
41022
98022
95013
33059
00054
62025
54013
96014
71121
52045
38064
63084
06034
31051
58022
26861
98050
04022
08023
03035
33074
40025
24056
43012
31043
16023
35014
00013
43010
02044
63086
09083
85023
80075
47121
86084
47034
28863
04023
41043
38040
33024
10084
43045
55042
39045
55020
54035
66022
30025
12045
06022
30030
61034
12082
12083
74022
19014
66023
89815
63816
98034
72021
87072
89851
96015
00044
15035
41044
45025
06054
80027
15064
03100
86095
15065
15043
50054
37022
98023
98054
87024
48034
61011
04024
20083
40041
13894
73034
31018
53013
73013
73044
89054
23851
47010
21013
01035
28066
27034
55027
40015
35015
36032
73014
08020
86013
36053
47035
27025
24024
90024
28070
20024
23846
37016
25083
25063
12075
25084
27026
23852
42043
47043
28013
13045
25085
15066
21026
58023
21045
24025
93012
47855
33013
21036
60040
09054
16121
85013
00045
00025
09055
28887
89831
25016
28074
28823
09074
06030
98035
15036
97010
95014
10094
91024
13874
84095
28836
88045
74013
84056
67055
70023
89013
89042
98063
05024
70054
88024
66052
80014
64021
20833
17027
38086
17010
27052
46044
27047
09035
09093
46023
20064
34170
21055
44020
25023
28024
61012
34073
26813
13895
80054
95042
40057
98036
75014
22015
28883
95030
70024
81046
14035
02045
83030
11025
50022
20056
37023
22011
28075
38055
87034
26044
27027
29025
23033
23034
58100
00046
74023
83035
63066
63844
01025
89043
10095
26023
24064
70025
80028
06035
06023
42044
03016
26862
88065
05025
82034
66016
86014
42016
06024
20088
86034
00012
41052
28828
09036
25064
25074
09016
37031
23898
40026
18100
50023
14045
21056
28816
23815
22044
28045
20065
75022
80077
25049
86170
09056
14057
16017
58012
64045
03036
37063
88841
26031
36033
10046
71051
97014
21027
31036
98025
07044
10015
86015
08044
60035
30016
44037
89863
67100
07024
12064
11015
19121
11016
23888
20084
80076
83046
39021
00055
87035
85042
44023
39022
17053
87014
87015
39055
56030
41023
22045
88046
32033
92031
51035
13046
39011
66034
27015
43013
08045
00075
10074
63823
51036
27016
00076
86035
39023
50055
52019
74014
72022
04100
33053
85043
33029
89023
85014
85044
84057
83023
16033
38046
85024
21037
21014
38015
37017
20824
73100
23900
38067
21038
37045
20025
45026
25024
04025
13035
20823
96016
02016
94013
90025
19032
12076
43037
20855
13853
98037
19015
73045
38056
22025
98064
92027
54016
00026
23827
33054
89844
20812
12015
86022
95015
83047
98055
06060
20851
57121
26814
73023
40042
17025
20085
89044
26900
26855
23871
22074
21015
25017
50060
36023
32013
47020
87066
28893
45017
60025
65014
31037
52024
16045
24065
35034
15037
55100
71036
52046
67056
67045
29018
48022
21016
16024
25065
09022
27053
19034
07025
22075
10062
36046
42045
21061
86096
62100
81047
61023
20846
08015
28876
81024
23024
28894
38076
20013
28014
06063
67062
63832
58051
02046
73024
10030
46020
13887
88025
47862
26825
19010
40051
37018
25053
26847
28854
95035
23864
39024
21046
36034
63085
89045
08024
58014
23826
74024
25025
71043
12056
33085
65024
46100
33044
00066
10079
09069
41053
80016
41054
36035
85046
88044
57030
57033
81025
52047
14018
76016
22066
80034
89046
90035
00047
51010
46045
25054
36063
50034
09094
91025
06055
85052
73025
33035
74015
24057
64014
40043
81035
95016
28855
31052
15024
22026
54100
63834
48024
80061
58024
06056
74016
26815
55054
13873
63061
28895
75100
10075
73046
91026
93013
98056
10035
20821
27035
34076
43014
40059
46046
41036
28046
45037
47014
20077
73026
85025
88814
80017
89063
20066
22017
92013
39012
23807
61013
84085
47025
83013
33036
28802
22046
72023
44026
88838
98121
35035
80062
20883
13831
16046
38016
38017
13816
31050
28817
73035
16018
81049
20121
98057
89852
95043
95010
95044
37046
40061
73027
76013
04026
55034
17040
30034
83036
41037
30035
47843
90036
20826
23873
95045
98073
16047
41121
97015
47015
70026
38035
33015
46024
31021
09095
84060
70042
15074
70056
40062
85047
89010
23847
38018
61024
14047
28015
10059
14058
09023
10024
14036
14024
47836
61037
12084
81034
12077
34074
12065
98041
40063
13888
39035
15059
70043
90046
34016
63842
63077
35043
09042
51015
12046
86023
35044
98065
75023
53024
14048
51037
18028
63068
01014
10016
87046
10017
26836
63835
58019
06057
62036
61010
00077
63846
23804
00078
63852
03025
62015
63815
52048
60037
71037
63813
63847
63836
27054
89064
36054
31044
16025
61020
83037
55015
60036
05026
51016
42027
36075
43022
86032
61014
84096
28864
41025
63069
06036
63855
82025
86033
01027
47834
63062
41045
37032
83024
63858
05030
05010
36047
63094
63833
63812
47837
35036
61025
05017
63841
06045
02033
83048
63853
50056
60018
83038
63088
59013
85053
86036
63076
53045
52035
67015
33086
53035
86075
53014
73047
19016
89819
00015
58025
63825
84033
82016
75024
28843
47854
41055
65015
50025
52025
23874
83049
23876
12066
25018
53015
58026
54038
16026
06014
02034
56020
64046
83025
63843
20900
40036
87016
15025
23017
47833
82026
40027
07013
63826
12033
11017
38065
00067
87026
15075
03017
27036
64023
39013
26045
31045
89065
20086
74017
22076
62034
34015
20835
83027
80018
26837
54026
09043
17013
53016
73036
85054
30024
36065
93014
33055
38069
36024
80121
73048
89824
05035
92028
12068
98074
39025
25075
37024
12052
24027
00074
01036
64015
00017
20014
13896
00048
43024
23895
10042
94014
33045
93015
98026
14049
30033
84014
84015
88047
06025
43015
70015
85035
37054
70016
80035
10076
17026
41015
06046
64024
96017
39056
20834
75020
47863
28100
98058
23025
20026
36055
38021
42017
35027
36025
41016
15067
73051
07032
60026
08100
09057
09058
09024
09059
83051
13897
13898
31046
25076
67025
63073
28824
84061
07026
13047
28047
00035
84062
22077
23887
21057
23854
08025
23865
09088
24013
17037
85015
89014
08026
10043
58015
71040
08027
72024
67063
26863
87073
09170
12078
31024
20876
08028
09061
71027
66036
71045
28016
01028
63851
39046
66026
08036
05018
02035
25034
07027
07033
60027
24046
23875
18014
83014
35045
26864
25035
26816
38026
07045
26032
46035
72017
73028
80044
15038
29026
10056
15076
33025
67046
07014
40064
15039
09030
98042
91027
96018
23877
20037
26024
35121
07015
84034
12034
31038
84016
66020
23833
41046
74018
74019
95046
56036
43025
86037
85026
33056
25036
50035
66017
90121
00036
03018
89038
88818
28884
80036
33057
89015
63092
70027
00018
33026
12087
26025
06064
82017
91017
87027
20015
73052
89861
23837
43121
83050
91028
90047
33037
33087
06065
23818
95047
83052
07016
98066
73053
33027
20067
27100
10018
41026
56037
63827
32034
24066
61049
38024
43047
05028
64039
47864
65017
08046
67064
07034
38057
61045
18032
23828
20016
10063
26043
25078
06121
61121
55064
37026
65121
26033
67032
23855
20068
37019
51017
67057
67033
02024
86038
88837
90026
90027
02025
86024
63848
91020
28028
13843
67034
12016
29121
26034
84065
90037
53025
25052
65019
10044
36060
80063
40065
12026
13844
55035
94015
24014
35016
85055
95017
28885
06066
53026
26017
86085
64047
85016
06026
81051
71038
94016
55045
83015
51018
27037
31017
38085
32044
40066
31053
55036
27017
26035
52036
28886
41027
18037
81052
10064
64025
10025
33094
61046
20096
57025
35017
10045
35028
36013
56121
84066
25055
75015
51100
58017
26026
89812
67017
89834
89039
07017
54010
29027
03026
73037
53036
59016
02018
02047
02037
67026
44028
46025
86086
47824
06040
28076
36026
45038
43016
89813
75025
70044
41040
89024
90028
84035
84068
13814
56045
75016
28050
00071
80038
80045
18015
13875
56038
10085
11026
50065
51019
29028
25056
31047
23026
22037
32014
24028
24036
33016
84098
03037
15055
56025
35029
15027
25026
04014
17042
25037
54027
04027
63845
65026
52014
55016
33170
22018
18024
14037
38094
80055
57036
92014
46047
62017
63822
63821
45018
07046
45014
86045
57037
16034
30026
44015
19025
13833
84017
31054
02019
39014
84026
85100
62018
37064
42028
97016
86077
15068
07018
80078
12027
87028
13899
10065
59100
39026
28077
67035
83039
52015
33076
13867
12028
06047
38012
47016
38037
15077
31022
23834
28818
28866
28803
73054
41048
23819
38054
04015
90038
80079
16027
09050
33046
74026
70017
80019
13854
15044
28898
28896
13017
51039
80010
09045
09044
15028
32038
17047
31055
25027
46026
73055
12035
98067
53017
53030
92015
97100
67027
95036
63831
16035
85027
92029
41017
48121
81017
28856
62019
36076
31020
94017
50066
89121
42121
42046
33047
20838
87036
39054
31023
20027
12036
25086
16048
20017
81053
92016
89866
86016
47838
31039
93016
02100
00068
50067
47921
57038
39037
42010
48025
41020
19017
85028
86087
86025
56046
63065
03027
95018
38066
44033
27055
10086
26036
46017
29029
33061
67036
10098
26027
89016
13060
23899
27038
20087
12017
12047
67066
67047
67048
88821
15078
87074
32023
00079
47017
02026
83016
88835
84069
63093
12088
58053
98027
85036
84086
67037
03038
58036
12018
89047
71012
98059
25077
84070
23849
87017
87054
42047
00118
28078
28068
98043
22027
31056
20877
34077
01037
37055
13845
20885
16019
46037
13036
13883
36027
89025
13815
64026
71039
57016
96019
36028
63071
85048
75026
83017
25038
16028
22069
46048
37028
38068
00027
45100
20089
42048
73049
50068
09085
85056
48026
70018
70037
04016
46018
33077
09062
34078
11027
43038
13884
84036
75017
86026
15045
25057
91018
26857
84121
73015
12079
37056
25087
43039
47835
13885
12037
73050
21017
92017
51020
23027
09086
18016
82028
67058
63074
46027
40048
28804
18036
31048
37047
89842
39038
34075
50026
93017
73016
41018
81036
84099
47832
20078
61039
14015
12029
33038
26046
87069
67028
30027
72025
20097
03046
34018
81027
04017
41038
89026
76017
22042
87037
98044
26848
98075
09037
05029
53037
62026
80046
03047
46051
33095
33058
40016
74027
75027
89017
29019
14059
24015
38036
37035
26037
87055
47842
40017
03028
95037
37057
71013
52027
20098
56017
90048
80047
06016
89853
95027
40068
47865
39015
89069
38078
61047
87038
51028
87018
82029
71014
33098
37036
35018
86046
42018
26817
27028
83018
86027
10077
28017
88831
10099
30028
72018
56028
71015
89821
09097
72026
60038
24016
98045
98068
33049
86088
37029
40018
87047
72027
41039
81054
53027
26865
55038
15046
43017
62027
71016
09026
30029
07052
57027
33078
66038
72019
32046
91010
20028
13876
36066
37058
09025
27039
70028
73017
18038
52037
40019
82019
98076
71028
47866
48020
80065
10057
37015
80048
83053
84027
83054
61048
80029
09017
80057
03048
85037
84037
64016
86048
03049
63811
89027
66037
42049
64027
24038
93018
89056
39047
97017
86047
56029
58037
90017
27046
09096
32035
98046
31025
92018
16038
81028
81055
95038
30036
23889
28857
84067
00058
91029
88832
47018
87048
98028
07028
12069
63854
47822
67067
10026
70029
13048
12058
16049
32045
98077
19037
87056
89057
26849
36014
09075
98047
33012
84073
39058
25068
31026
62028
24067
84087
21047
09018
47027
53047
19038
84038
07100
17046
40037
61028
60041
41049
74028
88825
80039
12038
41056
47039
98038
17100
65027
84018
87029
98029
42019
50018
26047
02038
67038
09078
58054
58020
50038
39017
06027
66045
36015
92019
97018
87057
89058
13027
13028
67019
95048
30037
67068
67029
26826
33039
32036
09076
07035
20018
58038
00037
38047
09047
38087
39048
89028
58055
20030
60019
85038
26856
07036
86017
55047
20831
24068
83028
46028
04013
60048
09038
41028
65025
80081
62038
51034
15069
13037
84028
09027
09063
88054
63839
81037
84074
52038
33079
21018
86078
26028
50019
20099
41029
16039
10058
09028
20019
09060
10036
09029
09064
09065
20822
15079
04018
34010
84088
84029
89048
53100
06028
50058
39028
08017
31057
55039
64028
98069
53048
08018
08029
09048
96100
25019
23844
23896
43018
63856
37038
48027
09077
21048
22043
21058
15029
35047
41019
43046
83029
82036
26867
21019
80049
37066
12048
93019
27048
26029
23035
23100
03039
43019
58010
43058
13817
26858
26015
08038
01038
80067
07037
26048
32037
13868
24039
38048
88068
88049
53018
20845
98048
81056
06038
04029
87019
87058
38088
15018
41057
33097
89864
76014
30038
63078
26016
85039
06049
73038
31027
88069
73018
60039
26049
35048
34079
74010
55040
17044
39029
38070
45039
75018
89049
02048
84075
71047
71048
38089
30039
27049
10019
28838
15019
13823
05039
88816
83055
00028
23835
23867
20884
67039
25058
28019
03019
31058
01015
57028
46029
18018
67069
45019
32027
47867
23018
98039
66018
74121
33017
01016
33018
89029
73056
26838
22038
73057
81057
84039
23036
07029
35037
83056
64100
43040
39018
70038
90018
86039
05100
04019
09098
26827
52028
90049
38097
44047
61038
08047
38038
09019
36056
36016
07047
14016
23037
88056
39019
00019
43028
65028
28858
06059
02039
17055
62029
00059
13818
33028
85017
35019
08039
14039
84076
83057
86028
06089
10121
66046
67049
43059
86018
07048
10037
80058
23806
65029
26038
80059
84077
10066
63814
72028
36036
35038
71017
02049
66019
16029
43056
53049
08048
15057
64018
98078
25088
64049
90019
21049
85057
76125
23019
91100
28826
67059
28868
25039
21028
43029
38095
87075
95039
60012
28069
85049
45027
47019
37039
22016
38121
81038
33014
73019
53020
54012
44039
09079
06039
83058
24047
00069
24048
31100
75019
73039
13038
33019
34121
70019
26018
12049
07038
76015
13039
20844
86029
85018
10028
71029
94018
28859
13049
73058
06069
26828
22078
20029
75028
98079
01017
33100
73059
22029
39016
06019
88823
09099
17048
61029
24059
86049
07049
20865
90051
09068
50036
59021
26019
81058
24012
10039
39049
32012
36044
36029
22039
10089
36078
38091
13855
91019
23038
13835
31049
13018
37067
01018
15048
26859
06029
14017
62031
23857
94019
13847
83059
28827
18019
90029
07039
61022
38096
84078
23868
00038
43050
10087
40053
75029
28897
11028
23836
95028
28879
20069
13019
17019
20814
23829
21100
19028
43049
27057
66054
86089
31028
56019
20854
20837
13824
00049
86079
10078
63091
30121
85029
42032
18039
04031
20843
28921
13100
23808
24049
23879
40038
47028
21029
20071
38029
12019
19018
59024
73029
25028
25029
10038
03029
37121
11029
24029
47826
88819
12039
26039
28079
01019
25059
42030
46019
95029
55049
89900
84079
50039
36100
71018
80069
56010
00029
27018
71019
85058
84019
23897
44049
37068
27029
85059
21059
13856
15049
01039
41058
28819
10067
15058
37049
55019
25069
72029
24018
23029
22079
81039
89018
66047
39039
90039
09039
28844
37069
54028
10068
98049
36021
08049
13877
17038
14019
26818
12089
07019
09084
09066
27019
25089
87076
10069
20852
09049
09034
10029
38019
11018
46039
20871
86019
50059
10048
01100
97019
31029
82038
33099
13886
95049
25079
27058
44019
28805
10088
46049
56048
89867
95019
00039
89868
27059
26839
54029
31059
37059
41059
24019
40069
17039
13848
